[184.60691972 115.73751663 146.6533004  122.88292695  70.04822269
 115.73751663  70.04947837  85.03006033 115.73756182  90.55747709
 146.6533004   96.37762217  79.77733853  90.55747709  79.77859421
 122.88292695 195.37563697 122.8825322  155.4244879  130.40304216
 174.37563697 108.95070315 138.31985665 115.73795894  74.78753483
 122.8825322   74.78888576  90.5579194  108.94974696  85.02966558
 138.31985665  90.5579194   85.02870939  96.37722742  85.03006033
 130.40304216 184.60691972 130.40259985 146.6533004  138.31985665
 130.40264504  79.77729334 102.50357989  85.03006033 102.50232421
 164.65687454 102.50357989 122.88292695 102.50232421  79.77729334
 130.40390072  85.03006033  90.55752228 102.50227903  90.55877796
 138.31985665 138.31850572 174.37659316 138.31985665 146.65244185
 122.88157601  74.78849102  96.37762217  79.77773565 108.94974696
 174.37659316 108.95109789 130.40304216  96.37627123  74.78849102
 122.88292695  79.77773565  96.37627123 108.95070315  96.37762217
 146.65244185 130.40264504 184.60687454 130.40390072 155.4244879
 115.73756182  70.04817751  90.55877796  74.78888576 115.73756182
 184.60687454 115.7388175  138.31985665  90.55752228  70.04817751
 115.7388175   74.78888576  90.55752228 102.50227903  90.55877796
 138.31985665 122.88157601 195.37659316 122.88292695 146.65244185
 174.37563697 108.95070315 138.31985665 115.73795894  74.78753483
 122.8825322   74.78888576  90.5579194  122.88157601  96.37722742
 155.4244879  102.50272134  85.02870939  96.37722742  85.03006033
 130.40304216 184.60691972 130.40259985 164.6581754  138.31985665
 164.65691972 102.50227903 130.40390072 108.95109789  79.77733853
 130.40259985  79.77859421  96.37762217 115.73756182  90.55747709
 146.6533004   96.37762217  90.55752228 102.50227903  90.55877796
 138.31985665 174.37563697 138.31946191 155.4244879  146.65244185
 138.31850572  85.02966558 108.95109789  90.5579194   96.37627123
 155.42409316  96.37762217 115.73795894 108.94974696  85.02966558
 138.31985665  90.5579194   96.37627123 108.95070315  96.37762217
 146.65244185 146.65204472 164.65687454 146.6533004  155.4244879
 130.40264504  79.77729334 102.50357989  85.03006033 102.50232421
 164.65687454 102.50357989 122.88292695 102.50232421  79.77729334
 130.40390072  85.03006033 102.50232421 115.73751663 102.50357989
 155.4244879  138.31850572 174.37659316 138.31985665 164.65731685
 122.88157601  74.78849102  96.37762217  79.77773565 108.94974696
 174.37659316 108.95109789 130.40304216  96.37627123  74.78849102
 122.88292695  79.77773565  96.37627123 108.95070315  96.37762217
 146.65244185 130.40264504 184.60687454 130.40390072 155.4244879
 164.65691972 102.50227903 130.40390072 108.95109789  79.77733853
 130.40259985  79.77859421  96.37762217 130.40264504 102.50227903
 164.6581754  108.95109789  90.55752228 102.50227903  90.55877796
 138.31985665 174.37563697 138.31946191 174.3769879  146.65244185
 155.42313697  96.37722742 122.88292695 102.50272134  85.02870939
 138.31946191  85.03006033 102.50272134 122.88157601  96.37722742
 155.4244879  102.50272134  96.37627123 108.95070315  96.37762217
 146.65244185 164.65691972 146.65199954 164.6581754  155.4244879
 146.65204472  90.55747709 115.7388175   96.37762217  90.55752228
 146.65199954  90.55877796 108.95109789 115.73756182  90.55747709
 146.6533004   96.37762217 102.50232421 115.73751663 102.50357989
 155.4244879  155.42313697 155.42409316 155.4244879  164.65731685
 138.31850572  85.02966558 108.95109789  90.5579194   96.37627123
 155.42409316  96.37762217 115.73795894 108.94974696  85.02966558
 138.31985665  90.5579194  108.94974696 122.8825322  108.95109789
 164.65731685 146.65204472 164.65687454 146.6533004  174.3769879
 130.40264504  79.77729334 102.50357989  85.03006033 102.50232421
 164.65687454 102.50357989 122.88292695 102.50232421  79.77729334
 130.40390072  85.03006033 102.50232421 115.73751663 102.50357989
 155.4244879  138.31850572 174.37659316 138.31985665 164.65731685
 155.42313697  96.37722742 122.88292695 102.50272134  74.78753483
 122.8825322   74.78888576  90.5579194  138.31850572 108.95070315
 174.3769879  115.73795894  85.02870939  96.37722742  85.03006033
 130.40304216 164.65691972 130.40259985 184.6081754  138.31985665
 146.65204472  90.55747709 115.7388175   96.37762217  79.77733853
 130.40259985  79.77859421  96.37762217 115.73756182  90.55747709
 146.6533004   96.37762217  90.55752228 102.50227903  90.55877796
 138.31985665 155.42313697 138.31946191 155.4244879  146.65244185
 138.31850572  85.02966558 108.95109789  90.5579194   85.02870939
 138.31946191  85.03006033 102.50272134 108.94974696  85.02966558
 138.31985665  90.5579194   96.37627123 108.95070315  96.37762217
 146.65244185 146.65204472 146.65199954 146.6533004  155.4244879
 130.40264504  79.77729334 102.50357989  85.03006033  90.55752228
 146.65199954  90.55877796 108.95109789 102.50232421  79.77729334
 130.40390072  85.03006033 115.73756182 130.40259985 115.7388175
 174.3769879  138.31850572 155.42409316 138.31985665 184.60731685
 122.88157601  74.78849102  96.37762217  79.77773565  96.37627123
 155.42409316  96.37762217 115.73795894  96.37627123  74.78849102
 122.88292695  79.77773565 108.94974696 122.8825322  108.95109789
 164.65731685 130.40264504 164.65687454 130.40390072 174.3769879
 146.65204472  90.55747709 115.7388175   96.37762217  70.04822269
 115.73751663  70.04947837  85.03006033 146.65204472 115.73751663
 184.6081754  122.88292695  79.77733853  90.55747709  79.77859421
 122.88292695 155.42313697 122.8825322  195.3769879  130.40304216
 138.31850572  85.02966558 108.95109789  90.5579194   74.78753483
 122.8825322   74.78888576  90.5579194  108.94974696  85.02966558
 138.31985665  90.5579194   85.02870939  96.37722742  85.03006033
 130.40304216 146.65204472 130.40259985 146.6533004  138.31985665
 130.40264504  79.77729334 102.50357989  85.03006033  79.77733853
 130.40259985  79.77859421  96.37762217 102.50232421  79.77729334
 130.40390072  85.03006033  90.55752228 102.50227903  90.55877796
 138.31985665 138.31850572 138.31946191 138.31985665 146.65244185
 122.88157601  74.78849102  96.37762217  79.77773565  85.02870939
 138.31946191  85.03006033 102.50272134  96.37627123  74.78849102
 122.88292695  79.77773565 122.88157601 138.31946191 122.88292695
 184.60731685 130.40264504 146.65199954 130.40390072 195.3769879
 115.73756182  70.04817751  90.55877796  74.78888576  90.55752228
 146.65199954  90.55877796 108.95109789  90.55752228  70.04817751
 115.7388175   74.78888576 115.73756182 130.40259985 115.7388175
 174.3769879  122.88157601 155.42409316 122.88292695 184.60731685]